shoulder_pan_joint: -1.2130015
shoulder_lift_joint: -1.493848
elbow_joint: -1.07000279
wrist_1_joint: -1.65262808
wrist_2_joint: 1.39466751
wrist_3_joint: 0.3132576