kinematics:
  shoulder:
    x: 0
    y: 0
    z: 0.18104470858802463
    roll: -0
    pitch: 0
    yaw: 1.2214238907792829e-07
  upper_arm:
    x: -6.2437623740900467e-05
    y: 0
    z: 0
    roll: 1.5708285673213109
    pitch: 0
    yaw: 5.3865174882934553e-06
  forearm:
    x: -0.61250319452884183
    y: 0
    z: 0
    roll: 3.1378009660115089
    pitch: 3.1400508395962645
    yaw: -3.1415847179923446
  wrist_1:
    x: -0.57121634059017956
    y: 0.00054610132362845607
    z: 0.1745256007733671
    roll: 3.1384636023851464
    pitch: 3.1406863035911412
    yaw: 3.1415883364393569
  wrist_2:
    x: 6.6771964808235882e-05
    y: -0.11985246148907647
    z: -1.6441734005195421e-05
    roll: 1.5709335099090169
    pitch: 0
    yaw: -1.5267196465940101e-06
  wrist_3:
    x: -2.047884186862236e-05
    y: 0.11571605005118452
    z: -6.9652111658145556e-05
    roll: 1.5701944042161753
    pitch: 3.1415926535897931
    yaw: 3.1415925419565611
  hash: calib_1969302425427789851